V_range: 0-5V, V_Step: 0.05V, Delay: 50 ms
Date : 2021-12-07
avg_voltages std_voltages avg_current std_current
0.0509 0.0002999999999999982 0.11739999999999999 0.0020591260281973963
0.05 0.0006324555320336743 -0.0009000000000000001 0.0019209372712298545
0.1065 0.0010246950765959609 -0.0012000000000000001 0.0043081318457076035
0.1449 0.0011357816691600557 -0.0031 0.004504442251822083
0.19890000000000002 0.0026627053911388717 -0.0011 0.004414748010928823
0.23579999999999995 0.0017204650534085194 -0.0036 0.005276362383309168
0.29109999999999997 0.0024677925358506155 0.0002 0.0046
0.3275 0.0026925824035672545 -0.0007000000000000001 0.006341135544995076
0.38230000000000003 0.00200249843945008 -0.0012000000000000001 0.004791659420284376
0.4258 0.0032186953878862194 -0.0033 0.005866003750424986
0.47339999999999993 0.002764054992217053 -0.0013 0.0030347981810987038
0.5365 0.0015652475842498543 -0.0004 0.004029888335921977
0.5815999999999999 0.0032619012860600214 -0.0002 0.0030594117081556714
0.6306999999999999 0.00458366665454634 -0.0006 0.0038262252939417984
0.6676000000000001 0.003168595903550975 0.0010999999999999998 0.0028089143810376277
0.7258 0.003682390527904397 0.017499999999999998 0.006280923498976882
0.76 0.0035496478698597727 0.037 0.008099382692526634
0.8376999999999999 0.00938136450629652 -0.0026 0.0042941821107167774
0.8833 0.007810889834071411 -0.0026000000000000003 0.006135144660071187
0.9375000000000002 0.009047098982546794 -0.0018000000000000002 0.0049152822909778035
0.9873000000000001 0.010276672613253733 -0.0022 0.004190465367951392
1.0286 0.010622617379911624 0.0019 0.00391024295920343
1.0836000000000001 0.008946507698538013 -0.0010000000000000002 0.0038470768123342694
1.1309 0.009523129737643979 -0.0012000000000000001 0.004190465367951392
1.1839 0.007489325737341116 -0.0031000000000000003 0.005769748694700662
1.222 0.009143303560529956 -8.673617379884036e-20 0.003255764119219941
1.2763 0.009829038610159203 -0.0033 0.006634003316248794
1.3123 0.007810889834071436 -0.0013 0.0024919871588754226
1.3712000000000002 0.007547184905645278 -0.0023 0.003950949253027683
1.4153999999999998 0.007296574538781895 -0.0027 0.004670117771534247
1.467 0.0055497747702046634 -0.0008000000000000004 0.004621688003316537
1.5221 0.006992138442565339 -0.0006000000000000001 0.0027276363393971713
1.5673 0.007988116173416628 0.0055 0.004455333881989093
1.6143 0.010844814429025507 0.023 0.003741657386773942
1.6549999999999998 0.010029955134495845 0.09029999999999999 0.0030675723300355937
1.6943000000000001 0.008485870609430736 0.19140000000000001 0.008662563131083089
1.7117 0.008672369918309527 0.3156 0.008296987405076624
1.7306000000000001 0.007977468270071666 0.5015999999999999 0.016371927192606266
1.7512 0.006128621378417785 0.6779 0.008882004278314636
1.7678 0.006128621378417843 0.9451 0.012747156545677128
1.7771000000000001 0.004699999999999996 1.215 0.017894133116750862
1.7826999999999997 0.007616429609731834 1.4216 0.018100828710310497
1.7968 0.005929586832149467 1.6678000000000002 0.026316534726289503
1.8044 0.0061514225996918805 1.8956 0.024743483990739838
1.8171 0.0037536648758246965 2.1616 0.020929405151604318
1.8199 0.006378871373526829 2.3978 0.015432433379088357
1.8312000000000002 0.005827520913733371 2.678 0.021872356983187808
1.8361999999999998 0.0055281099844341035 2.9074 0.020489997559785162
1.8452000000000002 0.005173006862551049 3.2146999999999997 0.015106621064950282
1.8496000000000001 0.0034409301068170427 3.4259 0.02781887848206683
1.8573 0.005675385449465111 3.721 0.025298221281347094
1.8661999999999999 0.004214261501141102 4.0533 0.02048926548219836
1.8707 0.0036891733491393164 4.272 0.02637802115398334
1.8805999999999998 0.0025377155080899046 4.584 0.017314733610425626
1.8843 0.0032878564445547277 4.8031 0.02508166661129204
1.8918 0.002785677655436823 5.1216 0.01718836815989225
1.8951 0.0028442925306655714 5.3436 0.017528262891684264
1.9031000000000002 0.0016999999999999984 5.657299999999999 0.015849605673328316
1.9074000000000002 0.001356465996625068 5.8744 0.02385875101508871
1.9138000000000002 0.0020396078054371004 6.1807 0.02702239811711751
1.9198 0.0018867962264113084 6.533200000000001 0.015203946855997645
1.9256 0.0016248076809272044 6.746300000000001 0.02116152168441593
1.9297 0.0014866068747318452 7.057400000000001 0.022096153511414845
1.9357 0.0014866068747318752 7.282000000000001 0.016425589791541906
1.9381999999999997 0.0016613247725835976 7.610900000000001 0.0200172425673467
1.9418 0.003736308338453865 7.8386 0.010307278981380086
1.9457999999999998 0.005688585061331152 8.168700000000001 0.004148493702538612
1.9571999999999998 0.0010770329614268894 8.4092 0.006431174076325537
1.9619000000000004 0.0006999999999999927 8.73 0.007924645102463783
1.9659 0.0009433981132056789 8.9664 0.007364781055808517
1.9715000000000003 0.0008062257748298488 9.275400000000001 0.009810198774744308
1.9765000000000001 0.0008062257748298625 9.612100000000002 0.005700000000000175
1.9805000000000004 0.0010246950765959444 9.8462 0.0035999999999997115
1.9847000000000001 0.0008999999999999947 10.16 0.006292853089021063
1.9881 0.0007000000000000086 10.3887 0.005710516614107751
1.9925000000000002 0.0006708203932499624 10.713899999999999 0.005752390807308003
1.9969000000000001 0.001044030650891038 10.941400000000002 0.008800000000000306
2.0014 0.0006633249580710068 11.2727 0.005762811813689555
2.0048000000000004 0.001077032961426873 11.5092 0.007626270385975084
2.0098 0.0009797958971133264 11.827800000000002 0.0048332183894378555
2.0141999999999998 0.0009797958971133535 12.1541 0.005467174773134747
2.0184999999999995 0.0009219544457293798 12.3838 0.0042614551505327425
2.0218 0.0007483314773547771 12.718 0.006212889826803558
2.0257 0.0010049875621121506 12.9489 0.008005623023850047
2.0302 0.0011661903789691223 13.270500000000002 0.004780167361086707
2.0327 0.001187434208703747 13.5024 0.004294182110716615
2.0376000000000003 0.0008000000000000673 13.8228 0.004308131845707822
2.0403000000000007 0.001734935157289743 14.068299999999999 0.004450842616853617
2.0459 0.0013000000000000038 14.383599999999998 0.006374950980203624
2.0489 0.0009433981132055565 14.611700000000003 0.005728001396648071
2.0532 0.0007483314773548127 14.939499999999999 0.006960603422118052
2.0585 0.0011180339887499505 15.279700000000002 0.006325345840347145
2.0615 0.001284523257866527 15.506099999999998 0.007091544260596765
2.0664000000000002 0.0014282856857085991 15.831100000000001 0.0035902646142033662
2.0688 0.0008717797887080386 16.065400000000004 0.005713142742834932
2.0741 0.0011357816691601095 16.3986 0.006151422599691646
2.078 0.00077459666924157 16.637099999999997 0.003207802986468711
2.0823 0.0006403124237434085 16.9647 0.004754997371188077
2.0858 0.000871779788708161 17.196200000000005 0.003544009029334131
2.0907000000000004 0.0006403124237434085 17.524399999999996 0.004651881339844748
2.0952 0.0007483314773548482 17.860400000000002 0.00553534100123922
