V_range: 0-5V, V_Step: 0.05V, Delay: 50 ms
Date : 2021-12-07
avg_voltages std_voltages avg_current std_current
0.0055 0.0005 2.1389 0.0045923850012820336
0.0126 0.0004898979485566351 0.2271 0.004742362280551749
0.0356 0.001199999999999998 0.4046 0.005351635264103843
0.047599999999999996 0.001200000000000001 0.5826 0.004103656905736642
0.06900000000000002 0.0014832396974191339 0.8063 0.002758622844826747
0.08579999999999999 0.0014696938456699024 0.9136000000000001 0.0028000000000000026
0.10869999999999999 0.0028301943396169833 1.0977000000000001 0.005404627646748656
0.12050000000000001 0.003774917217635374 1.2247 0.015956503376366615
0.14589999999999997 0.00364554522671164 1.4394 0.006086049621881191
0.1553 0.005100000000000005 1.5743 0.0031000000000000047
0.1813 0.0031638584039112775 1.8059 0.009627564593395402
0.19480000000000003 0.0035156791662493926 2.0538 0.01957958120083268
0.21480000000000002 0.004118252056394804 2.2321 0.00847879708449266
0.23679999999999998 0.004261455150532497 2.4024 0.00930806102257604
0.24609999999999999 0.001868154169226942 2.6729 0.016164467204334298
0.2694 0.004943682837723314 2.7855 0.006248999919987159
0.27860000000000007 0.002653299832284304 3.0229000000000004 0.004825971404805406
0.3159 0.0065946948375190245 3.2984 0.013268006632497588
0.3345 0.005389805191284739 3.3393 0.01834693434882246
0.35419999999999996 0.00481248376620639 3.6195 0.007684399781375278
0.374 0.005531726674375737 3.8551 0.017346181135915732
0.3899 0.006252199612936241 3.9367999999999994 0.016791664598841936
0.41579999999999995 0.007717512552629891 4.153 0.01163615056623104
0.43010000000000004 0.0055398555937858215 4.2963 0.005728001396647841
0.45439999999999997 0.006280127387243038 4.5205 0.009666954018717554
0.46740000000000004 0.009881295461628484 4.667299999999999 0.02195472614267836
0.4796 0.0073511903797956295 4.902299999999999 0.01655928742428245
0.5024 0.010809255293497338 5.0221 0.00827586853448035
0.5237 0.0066340033162488 5.3189 0.015201644647866108
0.5274000000000001 0.005800000000000004 5.5225 0.010480935072788022
0.5551999999999999 0.007547184905645256 5.6994 0.02992390348868292
0.5852999999999999 0.00824681756800768 5.8248 0.016252999723128044
0.5871999999999999 0.007039886362719223 6.08 0.026286878856189768
0.6195999999999999 0.006636264009214829 6.1761 0.002022374841615606
0.6288 0.007194442299441986 6.426399999999999 0.020814418079783025
0.6544 0.010081666528902859 6.5398 0.005827520913733425
0.6622 0.005775811631277466 6.7629 0.02762046342840765
0.6793 0.005177837386399833 6.9976 0.011490865937778517
0.6994 0.0046946778377222045 7.0947000000000005 0.009633794683300986
0.7278 0.007039886362719223 7.292500000000001 0.012216791722870553
0.7409999999999999 0.0054221766846903885 7.562700000000001 0.018847015678881255
0.7604000000000001 0.0071302173879903615 7.6747 0.006986415389883513
0.7828000000000002 0.005528109984434107 7.923399999999999 0.0175681530047981
0.7945 0.0044328320518603045 8.058200000000001 0.010514751542475925
0.8192 0.006337191807101914 8.2764 0.013101144988129714
0.8348999999999999 0.009289241088485117 8.4356 0.017878478682482806
0.8587 0.004775981574503826 8.6486 0.01488757871515695
0.8676 0.004270831300812528 8.8339 0.019922098283062732
0.8925000000000001 0.0056258332716140865 9.0314 0.01726962651593834
0.9116000000000002 0.005834380858325934 9.1993 0.019519477452022208
0.9301 0.005521775076911399 9.420000000000002 0.019707866449720328
0.9540000000000001 0.0044944410108488505 9.645 0.01664932431061395
0.9672000000000001 0.004044749683231341 9.800799999999999 0.018120706387997187
0.9929 0.005204805471869247 10.000699999999998 0.011340634902861354
1.0091999999999999 0.004354308211415454 10.1706 0.014974645237868183
1.0318999999999998 0.0041581245772583635 10.3901 0.008768694315575159
1.0444 0.004737087712930791 10.551 0.011584472366059945
1.068 0.004494441010848895 10.764600000000002 0.014954597955144183
1.0819 0.0035902646142032418 10.9361 0.0062841069373460725
1.1058999999999999 0.003269556544854382 11.142199999999999 0.012615863030328276
1.1288 0.002821347195933165 11.390400000000001 0.007213875518748264
1.145 0.0034351128074635107 11.5255 0.011526057435220416
1.1683 0.0030347981810987263 11.7479 0.010309704166463693
1.1806 0.002244994432064359 11.908700000000001 0.009455686120002334
1.2041 0.0036180105030251385 12.126900000000001 0.012525573839149932
1.2197 0.003606937759374318 12.293299999999999 0.008414867794564603
1.2377 0.006649060083951699 12.512899999999998 0.004158124577258659
1.2606999999999997 0.0007810249675906648 12.6861 0.00480520551069358
1.2849 0.0009433981132056789 12.8994 0.004862098312457114
1.2977 0.0007810249675906789 13.059299999999999 0.003950949253027732
1.3215 0.0006708203932499624 13.2754 0.006327716807822422
1.3437 0.00045825756949563533 13.4956 0.005351635264103962
1.3582 0.0007483314773547771 13.659799999999999 0.0024000000000000614
1.3815 0.0009219544457292956 13.8666 0.004079215610874336
1.3949 0.0009433981132056906 14.0288 0.003487119154832491
1.4181 0.0007000000000000086 14.252800000000002 0.002357965224510263
1.433 0.0010000000000000232 14.398700000000002 0.005216320542297933
1.4546999999999999 0.0011000000000000161 14.6197 0.004670117771534127
1.4713 0.0007810249675906648 14.770900000000001 0.0028792360097773862
1.4921000000000002 0.0013000000000000021 14.991800000000001 0.005418486873657902
1.5150000000000001 0.0011832159566199242 15.2256 0.005462600113498886
1.5307 0.000900000000000007 15.3653 0.0034655446902323085
1.5524 0.001019803902718571 15.593100000000002 0.004784349485562333
1.5682 0.0008717797887081457 15.741899999999998 0.0040360872141219665
1.5902999999999998 0.001004987562112102 15.963 0.004959838707054763
1.6058 0.0011661903789690687 16.128899999999998 0.0025475478405715423
1.6283999999999998 0.0011135528725659774 16.3309 0.005412023651093592
1.6436999999999997 0.001004987562112111 16.499599999999997 0.0024166091947188982
1.6657999999999997 0.001077032961426877 16.716099999999997 0.0034190641994554932
1.6797 0.001004987562112102 16.8842 0.0033406586176979486
1.7032 0.0007483314773547771 17.096500000000002 0.004716990566029171
1.7255000000000003 0.001204159457879226 17.322499999999998 0.003956008088970391
1.7408000000000001 0.0006000000000000227 17.485600000000005 0.0047999999999995754
1.7639 0.00030000000000003353 17.6976 0.0028705400188819776
1.7786000000000002 0.0007999999999999952 17.859299999999998 0.002758622844826651
1.8014 0.0004898979485566904 18.0814 0.0026532998322840815
1.8166 0.0004898979485565816 18.2399 0.004158124577258006
1.839 0.00044721359549995833 18.462200000000003 0.0028913664589602854
1.8546 0.0004898979485565817 18.6215 0.002459674775249958
1.8770999999999998 0.00029999999999996696 18.841299999999997 0.003925557285278187
1.8999999999999997 2.220446049250313e-16 19.067 0.0028284271247467577
