V_range: 0-5V, V_Step: 0.05V, Delay: 50 ms
Date : 2021-12-07
avg_voltages std_voltages avg_current std_current
0.047181818181818186 0.009870232398647247 0.12481818181818184 0.03833066226171272
0.04918181818181819 0.0008331955809010626 -0.0023636363636363638 0.0029005556606443304
0.10518181818181818 0.0005749595745760696 -0.0028181818181818186 0.003927020193900941
0.14436363636363633 0.0015534552264213706 -9.090909090909092e-05 0.004440608997025386
0.1981818181818182 0.002690663379445228 -0.001 0.004842989309769892
0.2369090909090909 0.0014431370787625001 -0.00018181818181818175 0.004667453691997613
0.29072727272727267 0.002926086716260199 -0.0015454545454545452 0.0035255853508482393
0.32627272727272727 0.003077511069056504 -0.003090909090909091 0.006037075533048725
0.3820909090909091 0.0016762808104168903 -0.0008181818181818183 0.002289032420366213
0.42481818181818176 0.0032141217326661278 -0.0028181818181818178 0.006057574999620975
0.47481818181818175 0.0026906633794452285 -0.0016363636363636363 0.002568081253059188
0.5366363636363637 0.0011499191491521389 -0.003272727272727273 0.004937627496000099
0.580090909090909 0.003800826356430344 -0.001 0.0051873973155225845
0.6310909090909091 0.0031175323999058655 -0.00036363636363636367 0.004227028340931881
0.6690909090909091 0.0037283812098927085 -0.0006363636363636365 0.001966664332071267
0.7288181818181818 0.004302603478617907 0.015000000000000003 0.006822422923379533
0.7616363636363637 0.0031413004623947294 0.03681818181818181 0.007333834192763165
0.8380909090909089 0.00842565935326074 -0.003545454545454546 0.005280558447802766
0.8788181818181818 0.00946590226999646 -0.0023636363636363633 0.005050161604484055
0.938909090909091 0.009149809192789871 -0.0028181818181818186 0.004018552019145517
0.9904545454545454 0.009461535877278326 -0.00490909090909091 0.0070897434939437235
1.0261818181818183 0.011166656387479329 -0.00490909090909091 0.004541816726107926
1.092909090909091 0.007902295931672996 -0.0007272727272727276 0.0069686428715406545
1.1275454545454544 0.010236864189279384 -0.0015454545454545456 0.00529774628521217
1.1873636363636364 0.007535042103673493 -0.0035454545454545456 0.003551277269931747
1.2203636363636363 0.00901788855828165 -0.0023636363636363638 0.0054983092818317965
1.2758181818181817 0.010088861381094653 -0.0026363636363636363 0.0030828772650569403
1.3168181818181817 0.008331955809010609 -0.003 0.004285281363415518
1.3707272727272726 0.010100323208968105 -0.0013636363636363635 0.0030233252996937983
1.412 0.006338913012640137 0.002272727272727273 0.004002065582373661
1.465272727272727 0.008203002876895002 0.009363636363636364 0.0036249821886139787
1.5259999999999998 0.010009086780611827 0.02672727272727273 0.007274999644997293
1.5545454545454547 0.008804581827493274 0.10518181818181818 0.0097217486438508
1.5979999999999999 0.0076396096996925586 0.18990909090909092 0.00966205836769922
1.6113636363636366 0.010298038006186403 0.3223636363636364 0.01673468215344587
1.6416363636363636 0.008562844974048418 0.5077272727272728 0.01551006071783972
1.6493636363636364 0.008003098573481365 0.7013636363636363 0.021235787663422094
1.6702727272727274 0.007085079188508628 0.9016363636363636 0.01737957383760776
1.6815454545454545 0.006706355687821074 1.102818181818182 0.020528552983668992
1.6906363636363637 0.007413412013772793 1.3997272727272727 0.024293998170483114
1.7036363636363634 0.005693261204309521 1.6667272727272726 0.03089304396282854
1.711181818181818 0.00539053348377225 1.8889090909090909 0.013839696170170938
1.7211818181818181 0.005905593370513397 2.1639999999999997 0.02046282660648992
1.7283636363636363 0.004436885215240869 2.3698181818181823 0.029719348401697567
1.7370909090909092 0.007573332945330367 2.6426363636363637 0.023699914565525768
1.743090909090909 0.00264418901313618 2.859181818181818 0.03220902804499551
1.7534545454545458 0.006827266674734 3.1666363636363637 0.01742658745748071
1.7585454545454546 0.005549179077102506 3.376727272727273 0.017985301620494595
1.765363636363636 0.00519217465865222 3.6903636363636365 0.016955946810231666
1.7707272727272725 0.0049376274960000735 3.8901818181818184 0.028913092919104256
1.784727272727273 0.0031648900337325862 4.181727272727273 0.02790923896910683
1.7919090909090907 0.0029062486114810556 4.518 0.026883587422947785
1.7921818181818183 0.0033795691446256797 4.7402727272727265 0.02850228351008492
1.8025454545454545 0.002871921636169337 5.047999999999999 0.027538402937781887
1.8086363636363636 0.004715019083596368 5.259545454545455 0.025303121030503282
1.8158181818181818 0.0032702010452009054 5.575 0.019221200416585378
1.8190909090909093 0.0026095818353467975 5.814909090909091 0.016351005226004686
1.8292727272727272 0.0027990553306073977 6.1107272727272735 0.02103283540774423
1.8330909090909093 0.002065057580291012 6.338999999999999 0.0208370299750665
1.8395454545454546 0.0013726971700492123 6.6431818181818185 0.033152041433970075
1.8468181818181824 0.002886274157525016 6.969818181818181 0.024378896170918016
1.8524545454545454 0.002104697618689154 7.190545454545455 0.015928040662267447
1.8578181818181818 0.00297926720148617 7.509545454545455 0.02791989722683487
1.8612727272727272 0.002135880022631073 7.751545454545456 0.01856371649880303
1.8685454545454545 0.003525585350848243 8.060363636363636 0.011379988235117393
1.871090909090909 0.002712078889122945 8.287090909090908 0.013905228221817468
1.8747272727272724 0.005046887593375199 8.608181818181817 0.007541620055256592
1.8869090909090909 0.0016762808104168923 8.837272727272728 0.009026132858548403
1.8933636363636361 0.0011499191491521293 9.150909090909092 0.011484808507166388
1.897363636363636 0.0016109131951517492 9.374272727272727 0.010635198071334824
1.9035454545454542 0.001304790917673404 9.697363636363637 0.007289752798810439
1.9088181818181817 0.0013360853142453505 10.016454545454545 0.00874241111285178
1.9129090909090907 0.0014431370787625357 10.255818181818183 0.009532892166485715
1.919272727272727 0.0014826824027545304 10.564272727272726 0.011458152390257033
1.922181818181818 0.0011134044285378176 10.794818181818183 0.007107207376615375
1.928363636363636 0.0015534552264213873 11.110818181818182 0.009925341137422694
1.9325454545454546 0.0013047909176733844 11.328909090909091 0.008500850710953262
1.9382727272727271 0.0014826824027545798 11.650454545454549 0.010245740901055818
1.9412727272727275 0.001354514947795595 11.886545454545455 0.00785509257353725
1.947090909090909 0.001729663417312778 12.205818181818183 0.01059861210311993
1.9529999999999996 0.0012060453783110556 12.526090909090907 0.00644493522718768
1.9563636363636367 0.001720080720765864 12.765909090909092 0.008061745191780172
1.960909090909091 0.0015640591394622864 13.090000000000002 0.0034641016151375596
1.964363636363636 0.0012984415324623572 13.314727272727275 0.008791430839081217
1.9706363636363635 0.001067940011315539 13.63090909090909 0.010526628964458008
1.9745454545454544 0.0013047909176733844 13.854454545454546 0.010084764714104086
1.9803636363636363 0.0018227216050693913 14.18590909090909 0.005517814874724755
1.9827272727272727 0.0014826824027545525 14.415909090909093 0.004813891743590121
1.9890909090909092 0.0015640591394622924 14.723181818181816 0.006685373203945762
1.9924545454545453 0.0011570838237598123 14.972272727272726 0.0072499643772280815
1.9977272727272728 0.0014200453956194137 15.282909090909088 0.00888772949280005
2.0024545454545453 0.0013047909176734126 15.62409090909091 0.006707587907526124
2.0065454545454546 0.0011570838237598584 15.841636363636365 0.006328474285075188
2.012272727272727 0.0008624393618641148 16.166818181818183 0.006912678494399768
2.016181818181818 0.0012662171161076092 16.395363636363637 0.00647053078155461
2.0211818181818177 0.001192261549873129 16.72072727272727 0.005258601768720469
2.025090909090909 0.0010833068443466308 16.958545454545455 0.006050749560834003
2.0307272727272725 0.0009620913858417083 17.27981818181818 0.006965084112501856
2.033818181818182 0.0011134044285378143 17.515727272727272 0.007955454493512242
2.039727272727273 0.0010523488093445545 17.83927272727273 0.006903107456934141
2.0450000000000004 0.001044465935734188 18.168545454545455 0.0069721998141145285
