V_range: 0-5V, V_Step: 0.05V, Delay: 50 ms
Date : 2021-12-07
voltage current
0.052 0.113
0.049 0.002
0.104 -0.002
0.146 -0.005
0.200 0.001
0.235 -0.004
0.288 -0.002
0.320 -0.003
0.381 -0.004
0.431 -0.005
0.473 -0.004
0.535 -0.003
0.582 0.002
0.635 -0.003
0.670 0.005
0.731 0.010
0.758 0.042
0.816 -0.011
0.893 -0.008
0.942 0.000
0.987 -0.005
1.024 0.000
1.086 0.004
1.142 0.005
1.185 -0.003
1.236 0.009
1.280 0.004
1.308 -0.003
1.362 0.001
1.418 0.000
1.460 -0.010
1.539 -0.002
1.564 -0.002
1.620 -0.000
1.669 0.009
1.728 0.035
1.751 0.093
1.762 0.224
1.797 0.375
1.836 0.517
1.837 0.829
1.849 0.961
1.864 1.266
1.881 1.472
1.896 1.746
1.893 1.952
1.905 2.243
1.918 2.447
1.927 2.728
1.923 2.922
1.938 3.266
1.946 3.569
1.949 3.740
1.961 4.088
1.962 4.346
1.972 4.612
1.979 4.823
1.981 5.178
1.985 5.414
1.997 5.705
1.998 6.011
2.004 6.227
2.012 6.573
2.014 6.816
2.024 7.135
2.024 7.365
2.030 7.684
2.037 7.912
2.044 8.229
2.047 8.455
2.053 8.794
2.058 9.118
2.061 9.345
2.067 9.660
2.071 9.910
2.074 10.209
2.079 10.450
2.083 10.757
2.087 10.988
2.092 11.305
2.097 11.645
2.099 11.881
2.104 12.203
2.108 12.439
2.114 12.772
2.116 12.985
2.121 13.314
2.123 13.551
2.129 13.865
2.132 14.105
2.135 14.430
2.141 14.762
2.145 15.000
2.151 15.324
2.153 15.557
2.158 15.889
2.162 16.117
2.166 16.447
2.169 16.682
2.174 17.020
2.179 17.344
