V_range: 0-5V, V_Step: 0.05V, Delay: 50 ms
Date : 2021-12-07
avg_voltages std_voltages avg_current std_current
0.0519 0.0005385164807134509 0.11040000000000001 0.0033823069050575557
0.0494 0.000489897948556636 -0.0007 0.003465544690232691
0.1056 0.0009165151389911689 -0.0016 0.002537715508089904
0.1447 0.0011000000000000012 -0.0008000000000000001 0.005114684741017768
0.1995 0.00196214168703486 -0.0002 0.0031240998703626613
0.23579999999999995 0.0012489995996796766 0.0018000000000000002 0.006095900261651269
0.29 0.003033150177620623 -0.0014 0.005161395160225576
0.32520000000000004 0.003515679166249392 0.0013000000000000002 0.00521632054229799
0.3821 0.0019209372712298564 -0.0024000000000000002 0.0028354893757515653
0.4265 0.0036400549446402625 -0.0006999999999999999 0.005139066063011839
0.4763 0.0035227829907617104 -0.0020000000000000005 0.003794733192202055
0.5369 0.0015779733838059515 0.00019999999999999993 0.005268775948927796
0.5791000000000001 0.004459820624195555 -0.0012000000000000001 0.0030265491900843115
0.6317999999999999 0.0036551333764994164 -0.0007000000000000001 0.003318132004607412
0.6703 0.00337786915081091 0.0007999999999999997 0.0038418745424597094
0.7273000000000001 0.0025317977802344345 0.0127 0.004960846701924985
0.761 0.0025298221281347057 0.0411 0.007892401408950256
0.8321 0.00934291175169712 -0.0016 0.003666060555964672
0.8766999999999999 0.007900000000000008 -0.0031999999999999993 0.004791659420284375
0.9288000000000001 0.00874985714169092 -0.0024000000000000002 0.0048207883172775795
0.9893999999999998 0.009520504188329493 -0.0026 0.003231098884280702
1.0295999999999998 0.009499473669630356 -0.0023 0.004980963762164909
1.0870000000000002 0.008933084573650924 -0.0008 0.004354308211415448
1.1296 0.011774548823627967 0.0014000000000000002 0.003903844259188627
1.1808 0.00828009661779381 -0.0017000000000000001 0.004450842616853577
1.2262 0.008818163074019421 -0.0035000000000000005 0.008090117428072353
1.2772999999999999 0.005119570294468113 -0.0022 0.00331058907144937
1.3104 0.005851495535331107 -0.002 0.003255764119219941
1.3761 0.007687002016391017 -0.0015 0.005696490147450445
1.4094 0.005407402333838304 -0.0012000000000000001 0.00331058907144937
1.4687 0.008087644898238329 -0.0033 0.0046270941205037094
1.5272999999999999 0.011153923076657826 -0.0016999999999999997 0.003976179070414208
1.567 0.0074161984870957055 -0.0012000000000000001 0.003841874542459709
1.6222999999999999 0.010696261028976391 0.0008 0.004894895300208166
1.6657999999999997 0.00805977667184395 0.0076 0.004054626986542659
1.7175 0.010317460927960929 0.034600000000000006 0.0055533773507659276
1.7457999999999998 0.010486181383134632 0.09059999999999999 0.008187795796183488
1.7802 0.012056533498481212 0.215 0.004979959839195497
1.8013 0.008087644898238324 0.3544 0.014671059948074635
1.8285 0.007256031973468687 0.5505000000000001 0.01773837647587849
1.8442999999999998 0.006229767250869025 0.8206999999999999 0.013206437824031102
1.8522000000000003 0.003969886648255888 0.9955999999999999 0.018276761201044333
1.8688000000000002 0.00489489530020815 1.2574 0.02551156600446156
1.8781000000000003 0.006394528911499221 1.4557 0.02017448884110826
1.8875 0.0068447059834590256 1.7267 0.025814918167602206
1.8936 0.004758150901348136 1.9467000000000003 0.01901604585606589
1.9049999999999998 0.002645751311064576 2.2278 0.01792651667223724
1.9136 0.004963869458396355 2.4387999999999996 0.02637726293609707
1.9198000000000004 0.0053814496188295 2.7465 0.012627351266199804
1.9248999999999996 0.004570557952810605 2.9431 0.0211681364319111
1.9348000000000003 0.005134199061197397 3.2588999999999997 0.018343663756185628
1.9419 0.004299999999999997 3.5685000000000002 0.015376930773076862
1.9503 0.0035510561809129343 3.7770999999999995 0.026606202284429788
1.9552 0.0024413111231467556 4.0992999999999995 0.01824856158714978
1.9622 0.003249615361854365 4.3338 0.012536347155371854
1.9705 0.002012461179749832 4.6319 0.020844423714749163
1.9762 0.002315167380558051 4.857000000000001 0.01989974874213232
1.9821000000000002 0.0030149626863362725 5.1601 0.028363532925219332
1.9866000000000004 0.0014966629547095809 5.4064 0.013734627770711483
1.9950000000000003 0.0011832159566199055 5.707 0.02532192725682635
1.9985 0.0011180339887499108 6.0451 0.018780042598460712
2.0052999999999996 0.001951922129594374 6.2356 0.019006314740106868
2.0108 0.0022271057451319467 6.5687000000000015 0.020445292856792346
2.0144 0.001685229954635281 6.797699999999999 0.020425719081589404
2.0198 0.0022271057451320464 7.1156999999999995 0.020804086137102835
2.0245999999999995 0.002727636339397196 7.356999999999999 0.010917875251164897
2.0272999999999994 0.005119570294468112 7.685 0.006782329983125398
2.0379 0.0011357816691600978 7.912000000000001 0.004472135954999742
2.0433 0.0007810249675907272 8.231599999999998 0.006499230723708955
2.047 0.0008944271909999663 8.460999999999999 0.004816637831516683
2.0525 0.0004999999999999449 8.7853 0.005292447448959761
2.0579 0.0007000000000000624 9.1169 0.003477067730142424
2.0613 0.0007810249675905794 9.3464 0.006036555309114496
2.0664 0.0009165151389912608 9.659699999999999 0.005158488150611517
2.0702000000000007 0.00107703296142698 9.8985 0.006667083320313509
2.0748 0.0009797958971133535 10.219399999999998 0.006069596362197291
2.0784999999999996 0.0012041594578792998 10.453299999999999 0.00334813380855686
2.0834 0.0011135528725659935 10.767299999999999 0.007029224708316215
2.0866999999999996 0.0009000000000000884 10.9924 0.00905759349937959
2.0918 0.0005999999999999338 11.312999999999999 0.0063560994328283075
2.0970000000000004 0.0008944271909999167 11.6518 0.005617828762075488
2.0993 0.0010049875621120934 11.886700000000001 0.005745432968889149
2.1047 0.0007810249675905794 12.2036 0.005765414122160085
2.1079 0.0008306623862917161 12.4423 0.006573431371817943
2.1126 0.0011135528725658818 12.7717 0.007900000000000115
2.1156999999999995 0.0008999999999999009 12.993099999999998 0.0058215118311310465
2.1199 0.0010440306508910208 13.3214 0.005936328831862106
2.1238 0.0008717797887081303 13.5512 0.005827520913733297
2.1289000000000002 0.0012206555615733414 13.8649 0.006236184731067793
2.1315 0.0012041594578792814 14.1029 0.0046141087980239495
2.1365000000000003 0.001204159457879263 14.427700000000002 0.004648655719667431
2.1412 0.0007483314773547059 14.760200000000001 0.004915282290977695
2.1443000000000003 0.0009000000000000292 15.0017 0.003579106033634469
2.1496 0.0007999999999999119 15.331300000000002 0.005883026432033107
2.1526 0.0006633249580710068 15.5595 0.004863126566315158
2.1574000000000004 0.0009165151389910672 15.8876 0.004651881339845344
2.1609000000000003 0.0009433981132056459 16.122000000000003 0.0037947331922022925
2.1660999999999997 0.00029999999999996696 16.4489 0.0044373415464664485
2.169 0.0006324555320336062 16.685199999999995 0.00534415568635529
2.1742 0.0005999999999999338 17.015900000000002 0.004908156476723093
2.1788999999999996 0.0005385164807134818 17.3433 0.004838388161361261
