V_range: 0-5V, V_Step: 0.05V, Delay: 50 ms
Date : 2021-12-07
avg_voltages std_voltages avg_current std_current
0.055400000000000005 0.000489897948556636 0.10469999999999999 0.003034798181098703
0.0498 0.0005999999999999991 -0.0013000000000000002 0.0027221315177632403
0.10540000000000001 0.001356465996625055 -0.0029000000000000002 0.006187891401761993
0.14429999999999998 0.0014177446878757838 -0.0013000000000000002 0.0038223029707232787
0.19810000000000003 0.0026627053911388717 -0.0019000000000000002 0.004482186966202994
0.2359 0.00144568322948009 -0.0033 0.007616429609731847
0.2892 0.0027495454169735064 -0.0039000000000000007 0.003505709628591621
0.326 0.0027928480087537908 -0.0008 0.005528109984434101
0.38160000000000005 0.001959591794226544 -0.0024000000000000002 0.004152107898405339
0.42779999999999996 0.002400000000000002 0.001 0.006244997998398398
0.4746 0.003440930106817043 -0.0014 0.0023748684174075834
0.5357000000000001 0.0014177446878757838 -0.0009000000000000001 0.002879236009777594
0.5798 0.004261455150532507 -0.0029 0.005990826320300064
0.6308999999999999 0.003389690251335662 -0.0016 0.002244994432064365
0.6687 0.004243819034784593 0.0001 0.00383275357934736
0.7293000000000001 0.003551056180912944 0.0127 0.006738694235532579
0.7615000000000001 0.003667424164178453 0.03480000000000001 0.008657944328765346
0.8366999999999999 0.010817116066678779 -0.001 0.0019493588689617927
0.8711 0.00934291175169712 -0.0012000000000000001 0.005528109984434101
0.9349999999999999 0.01251399216876849 -0.0045 0.005970762095411272
0.9942 0.009734474818910344 -0.0015000000000000002 0.005315072906367324
1.022 0.012806248474865707 -0.0028 0.005810335618533579
1.0895 0.008558621384311856 -0.0035000000000000005 0.006391400472509918
1.1251000000000002 0.009256889326334153 -0.0009000000000000001 0.0037536648758246917
1.1871000000000003 0.007244998274672019 -0.0021 0.003753664875824692
1.2201 0.009491575211733857 -0.0036999999999999997 0.005568662316930342
1.2756999999999998 0.00733552997403732 -0.0044 0.005161395160225576
1.3104 0.008674099376880585 -0.0027 0.004583666654546336
1.3726 0.010278132126023668 -0.0023 0.004428317965096905
1.4101000000000001 0.008104936767180874 0.0006000000000000001 0.004176122603564219
1.4686 0.0073102667529988145 -0.0009000000000000001 0.0035341194094144586
1.529 0.008148619514985366 -0.0029 0.003047950130825634
1.5657999999999999 0.008852118390532328 -0.0026 0.004127953488110059
1.6195999999999997 0.007351190379795608 -0.0014000000000000002 0.003903844259188627
1.6628999999999998 0.006594694837519008 -0.0013000000000000002 0.005514526271584894
1.7204000000000002 0.009531002045955089 -0.0054 0.00417612260356422
1.7610999999999997 0.007660939890117926 -0.0042 0.00661513416341649
1.8189 0.00925688932633417 -0.004 0.0024899799195977463
1.8549999999999998 0.008567379996241591 -0.0021 0.002071231517720798
1.9132000000000002 0.0090972523324353 -0.003 0.004711687595755899
1.9708 0.008541662601625066 -0.0007 0.00349428104193123
2.0149999999999997 0.008234075540095538 -0.0008 0.004422668877499197
2.0655 0.007256031973468731 -0.0032 0.0027856776554368236
2.1066 0.01069766329625306 9.999999999999991e-05 0.0032695565448543633
2.1668000000000003 0.010457533169921098 -0.0035000000000000005 0.0038275318418009275
2.2092 0.0077562877718660855 -0.0022 0.003218695387886216
2.2669999999999995 0.010237187113655809 -0.0024000000000000002 0.00290516780926679
2.3022 0.01088852607105293 0.0012000000000000001 0.002227105745132009
2.3645 0.008935882720806067 0.015200000000000002 0.0047074409183759285
2.3963 0.009529428104561068 0.05500000000000001 0.005495452665613634
2.4349 0.004678675026115838 0.1665 0.007952986860293434
2.4689 0.004592385001282023 0.35359999999999997 0.011226753760548951
2.4829 0.003590264614203187 0.5088999999999999 0.01842525440801295
2.4997 0.005100000000000002 0.7522 0.012584116973391509
2.5137999999999994 0.0038418745424598014 0.9272 0.018583863968507697
2.5275 0.003442382895611722 1.1903 0.018292348127017487
2.538 0.0024083189157583784 1.3835 0.015389931773727885
2.5484999999999998 0.002061552812808808 1.6687999999999998 0.026331729908990062
2.5576000000000003 0.00237486841740752 1.8800000000000001 0.018116291011131366
2.5678000000000005 0.0015362291495737376 2.1656 0.02319137770810526
2.5772 0.001886796226411339 2.4768999999999997 0.02243412579085714
2.5842 0.0022271057451320585 2.6992000000000003 0.012867012085173506
2.5922 0.0015362291495737085 3.0002 0.0204929256086095
2.5987999999999998 0.002599999999999987 3.207 0.018708286933869812
2.6061 0.0017578395831246902 3.5171 0.021205895406702268
2.6099 0.0027367864366808314 3.7368 0.01386217876093077
2.6125 0.004318564576337793 4.0529 0.0099242128151306
2.6283 0.0015524174696260004 4.2821 0.010530432089900342
2.6355 0.0017464249196573855 4.5951 0.0080430093870391
2.6403000000000003 0.0016763054614239849 4.8206999999999995 0.010325211862233152
2.6476 0.001624807680927199 5.125299999999999 0.012296747537458784
2.6535 0.0013601470508735089 5.4515 0.007851751396981573
2.6579 0.0016999999999999695 5.675400000000001 0.011976643937263852
2.664 0.0016124515496596977 5.9859 0.008734414691322984
2.6682 0.0018330302779823182 6.2217 0.006812488532100408
2.6734999999999998 0.0017464249196572584 6.537699999999999 0.006738694235532563
2.6776999999999997 0.0016155494421403382 6.767 0.009230384607371417
2.6837 0.0019000000000000666 7.0785 0.013566502865513953
2.687 0.0019493588689618515 7.3025 0.009156964562560963
2.6925999999999997 0.0017999999999999546 7.617700000000001 0.009869650449737333
2.6978 0.002271563338320137 7.9473 0.008222530024268633
2.7023 0.0019000000000000503 8.1736 0.009509994742375053
2.7077999999999998 0.0021354156504062223 8.4999 0.013553228397691595
2.7109 0.0021189620100417563 8.7345 0.011825819210524202
2.7156 0.001685229954635281 9.046700000000001 0.009529428104561252
2.7195000000000005 0.0018574175621006578 9.278899999999998 0.011049434374664128
2.7245 0.0017464249196572582 9.601799999999999 0.01467514906227537
2.7275 0.0021563858652848228 9.835399999999998 0.010336343647537962
2.7325 0.00206155281280884 10.1526 0.008368990381162919
2.7359 0.001513274595042156 10.389199999999999 0.009526804291051677
2.7403 0.0020024984394500333 10.7149 0.0104637469388359
2.7454000000000005 0.0020099751242241117 11.049100000000001 0.012957237359869743
2.7482999999999995 0.0016763054614239846 11.2896 0.008428523002282211
2.7538 0.002039607805437072 11.613899999999997 0.010492378186092787
2.7567999999999997 0.001886796226411306 11.844700000000001 0.01377715500384598
2.7620999999999998 0.0018138357147216575 12.174800000000001 0.012773409881468724
2.7653999999999996 0.001562049935181335 12.4083 0.009274157643689196
2.7702999999999998 0.0016155494421403274 12.7463 0.008283115355951668
2.7732 0.0019390719429664921 12.980500000000001 0.012800390619039903
2.778 0.0017320508075688403 13.3113 0.012736168968728142
2.7824999999999998 0.002061552812808808 13.6424 0.012059850745344975
